CL-ALPHA: 

D=0.1, hpp=0.00075, nelementi=500000, hrat=5, Uinf=50, R=30

Dcorretto= 0.15923600 alpha= 0 cl= -0.147565 cd= 0.019387 size_prima_cella= 0.000002 yplus= 0.74
Dcorretto= 0.137334511755264 alpha= 2 cl= 0.316532 cd= 0.018657 size_prima_cella= 0.000002 yplus= 0.58
Dcorretto= 0.116844281451454 alpha= 4 cl= 0.699103 cd= 0.025573 size_prima_cella= 0.000002 yplus= 0.7
Dcorretto= 0.1 alpha= 6 cl= 0.995118  cd= 0.038896 size_prima_cella= 0.000002 yplus= 0.83