COMPRESSIBLE
CL = 0.471881
CD = 0.008936


INCOMPRESSIBLE 
CL = 0.472961
CD = 0.009635